8.000000000000000444e-01 2.224435283620394554e-01
1.600000000000000089e+00 1.452742277408710092e-01
2.400000000000000355e+00 9.218615256546194847e-02
3.200000000000000178e+00 6.729170420048864731e-02
4.000000000000000000e+00 5.215415060575138290e-02
4.799999999999999822e+00 4.169334090062658260e-02
5.600000000000000533e+00 3.424117115494033220e-02
6.400000000000000355e+00 2.874586356512085633e-02
7.200000000000000178e+00 2.437924102517359526e-02
8.000000000000000000e+00 2.107685811111530486e-02
8.800000000000000711e+00 1.845773911210584275e-02
9.600000000000001421e+00 1.637839504546428904e-02
1.040000000000000213e+01 1.450983380201653627e-02
1.120000000000000107e+01 1.295103785616778282e-02
1.200000000000000178e+01 1.168278039634291880e-02
1.280000000000000071e+01 1.058222345970095957e-02
1.360000000000000142e+01 9.666813597485987564e-03
1.440000000000000213e+01 8.799470764208791942e-03
1.520000000000000107e+01 8.069564028487014387e-03
1.600000000000000000e+01 7.422617424191174651e-03
1.680000000000000071e+01 6.859699107519890912e-03
1.760000000000000142e+01 6.327401268542301969e-03
1.840000000000000213e+01 5.916517184140871431e-03
1.920000000000000284e+01 5.462194747662340102e-03
2.000000000000000355e+01 5.223283811238285321e-03
2.080000000000000071e+01 4.779998988812131713e-03
2.160000000000000142e+01 4.559958811896981309e-03
2.240000000000000213e+01 4.262299284548977905e-03
2.320000000000000284e+01 3.972828954723707506e-03
2.400000000000000355e+01 3.673745219110881310e-03
2.480000000000000071e+01 3.512453633119678228e-03
2.560000000000000142e+01 3.386411201682844666e-03
2.640000000000000213e+01 3.172067857826985863e-03
2.720000000000000284e+01 3.001518918114433766e-03
2.800000000000000355e+01 2.861234404029370116e-03
2.880000000000000071e+01 2.682140214727879966e-03
2.960000000000000142e+01 2.584581948587505711e-03
3.040000000000000213e+01 2.457827413018260753e-03
3.120000000000000284e+01 2.344958908031039100e-03
3.200000000000000000e+01 2.212863591468707588e-03
3.279999999999999716e+01 2.114593221195921937e-03
3.360000000000000142e+01 2.013474434393490269e-03
3.439999999999999858e+01 1.932650615364785987e-03
3.519999999999999574e+01 1.853963108733316326e-03
3.600000000000000000e+01 1.748571697136415632e-03
3.679999999999999716e+01 1.687686793815233255e-03
3.760000000000000142e+01 1.647808962400189661e-03
3.839999999999999858e+01 1.568409351636308605e-03
3.920000000000000284e+01 1.486161324342781314e-03
4.000000000000000000e+01 1.432397462345713765e-03
4.079999999999999716e+01 1.356202320177684207e-03
4.160000000000000142e+01 1.359406788773535922e-03
4.239999999999999858e+01 1.261136418500750271e-03
4.320000000000000284e+01 1.197759150716127576e-03
4.400000000000000000e+01 1.169987089552079447e-03
4.479999999999999716e+01 1.130109258137035853e-03
4.560000000000000142e+01 1.118715592018452000e-03
4.639999999999999858e+01 1.063171469690355744e-03
4.720000000000000284e+01 9.823476506616516789e-04
4.800000000000000000e+01 1.002642618435379065e-03
4.879999999999999716e+01 9.513711209017517269e-04
4.960000000000000142e+01 9.253793200687323054e-04
5.039999999999999858e+01 8.691230936082245447e-04
5.120000000000000284e+01 8.402828762455591058e-04
5.200000000000000000e+01 8.377905117821188947e-04
5.279999999999999716e+01 8.160713357435684994e-04
5.360000000000000142e+01 7.847387539174628494e-04
5.439999999999999858e+01 7.715648274678502897e-04
5.520000000000000284e+01 7.242099026624861709e-04
5.600000000000000000e+01 6.971499456308495471e-04
5.679999999999999716e+01 6.928773208363805209e-04
5.760000000000000142e+01 6.455223960310164022e-04
5.839999999999999858e+01 6.109853456090591451e-04
5.920000000000000284e+01 6.173942828007625760e-04
6.000000000000000000e+01 6.060006166821787230e-04
6.079999999999999716e+01 5.746680348560730730e-04
6.160000000000000142e+01 5.750240869222788794e-04
6.239999999999999858e+01 5.326538910437950743e-04
6.320000000000000284e+01 5.269570579845032562e-04
6.400000000000000000e+01 5.162754959983307992e-04
6.479999999999999716e+01 5.084423505418044680e-04
6.559999999999999432e+01 4.942002678935745975e-04
6.640000000000000568e+01 4.664282067295264693e-04
6.720000000000000284e+01 4.877913307018712208e-04
6.800000000000000000e+01 4.578829571405885796e-04
6.879999999999999716e+01 4.415045620951243044e-04
6.959999999999999432e+01 4.222777505200140660e-04
7.040000000000000568e+01 4.066114596069612410e-04
7.120000000000000284e+01 4.172930215931336438e-04
7.200000000000000000e+01 3.838241273697935350e-04
7.279999999999999716e+01 3.863164918332337460e-04
7.359999999999999432e+01 3.806196587739418195e-04
7.440000000000000568e+01 3.952177934883773880e-04
7.520000000000000284e+01 3.478628686830132692e-04
7.600000000000000000e+01 3.660215240595063053e-04
7.679999999999999716e+01 3.407418273588983340e-04
7.760000000000000853e+01 3.240073802472283066e-04
7.840000000000000568e+01 3.261436926444628197e-04
7.920000000000000284e+01 3.247194843796398110e-04
8.000000000000000000e+01 3.190226513203478845e-04
8.079999999999999716e+01 3.083410893341755358e-04
8.160000000000000853e+01 3.054926728045295726e-04
8.240000000000000568e+01 2.997958397452376461e-04
8.320000000000000284e+01 2.837734967659790689e-04
8.400000000000000000e+01 2.798569240377159033e-04
8.479999999999999716e+01 2.691753620515435546e-04
8.560000000000000853e+01 2.791448199053043989e-04
8.640000000000000568e+01 2.556453835357251885e-04
8.720000000000000284e+01 2.499485504764332620e-04
8.800000000000000000e+01 2.492364463440217576e-04
8.879999999999999716e+01 2.410472488212896472e-04
8.960000000000000853e+01 2.346383116295862163e-04
9.040000000000000568e+01 2.211083331137679044e-04
9.120000000000000284e+01 2.353504157619977207e-04
9.200000000000000000e+01 2.296535827027057941e-04
9.279999999999999716e+01 2.253809579082368493e-04
9.360000000000000853e+01 2.250249058420310971e-04
9.440000000000000568e+01 2.068662504655380881e-04
9.520000000000000284e+01 2.189720207165334184e-04
9.600000000000000000e+01 2.025936256710691432e-04
9.679999999999999716e+01 2.061541463331265837e-04
9.760000000000000853e+01 2.043738860020978499e-04
9.840000000000000568e+01 1.947604802145427307e-04
9.920000000000000284e+01 1.944044281483370057e-04
1.000000000000000000e+02 1.965407405455714645e-04
1.007999999999999972e+02 1.869273347580163453e-04
1.016000000000000085e+02 1.844349702945761072e-04
1.024000000000000057e+02 1.869273347580163453e-04
1.032000000000000028e+02 1.794502413676956850e-04
1.040000000000000000e+02 1.623597421898199055e-04
1.047999999999999972e+02 1.726852521097865291e-04
1.056000000000000085e+02 1.609355339249969239e-04
1.064000000000000057e+02 1.655642107856716209e-04
1.072000000000000028e+02 1.609355339249969239e-04
1.080000000000000000e+02 1.463373992105613554e-04
1.087999999999999972e+02 1.516781802036475568e-04
1.096000000000000085e+02 1.491858157402073187e-04
1.104000000000000057e+02 1.477616074753843370e-04
1.112000000000000028e+02 1.370800454892119884e-04
1.120000000000000000e+02 1.349437330919775024e-04
1.127999999999999972e+02 1.498979198726188230e-04
1.136000000000000085e+02 1.442010868133268965e-04
1.144000000000000057e+02 1.328074206947430435e-04
1.152000000000000028e+02 1.296029520988913281e-04
1.160000000000000000e+02 1.352997851581832546e-04
1.167999999999999972e+02 1.263984835030396126e-04
1.176000000000000085e+02 1.263984835030396126e-04
1.184000000000000057e+02 1.217698066423649291e-04
1.192000000000000028e+02 1.203455983775419475e-04
1.200000000000000000e+02 1.285347959002740986e-04
1.207999999999999972e+02 1.192774421789247045e-04
1.216000000000000085e+02 1.128685049872213007e-04
1.224000000000000057e+02 1.281787438340683464e-04
1.232000000000000028e+02 1.135806091196327780e-04
1.240000000000000000e+02 1.132245570534270394e-04
1.247999999999999972e+02 1.146487653182500210e-04
1.256000000000000085e+02 1.064595677955178699e-04
1.264000000000000057e+02 1.057474636631063926e-04
1.272000000000000028e+02 1.057474636631063926e-04
1.280000000000000000e+02 1.110882446561925669e-04
1.288000000000000114e+02 1.061035157293121312e-04
1.296000000000000227e+02 1.064595677955178699e-04
1.304000000000000057e+02 9.364169341211103521e-05
1.312000000000000171e+02 9.720221407416850283e-05
1.320000000000000284e+02 1.036111512658719066e-04
1.328000000000000114e+02 9.862642233899148445e-05
1.336000000000000227e+02 9.257353721349380576e-05
1.344000000000000057e+02 9.613405787555125983e-05
1.352000000000000171e+02 9.328564134590529658e-05
1.360000000000000284e+02 9.221748514728805358e-05
1.368000000000000114e+02 8.224802729352718219e-05
1.376000000000000227e+02 9.542195374313976902e-05
1.384000000000000057e+02 8.474039175696740681e-05
1.392000000000000171e+02 8.723275622040763144e-05
1.400000000000000284e+02 8.723275622040763144e-05
1.408000000000000114e+02 8.082381902870420056e-05
1.416000000000000227e+02 8.296013142593868656e-05
1.424000000000000057e+02 8.046776696249846193e-05
1.432000000000000171e+02 8.687670415420187925e-05
1.440000000000000284e+02 7.761935043285249868e-05
1.448000000000000114e+02 6.978620497632609973e-05
1.456000000000000227e+02 7.156646530735483354e-05
1.464000000000000057e+02 7.833145456526398949e-05
1.472000000000000171e+02 8.153592316111570493e-05
1.480000000000000284e+02 7.477093390320653542e-05
1.488000000000000114e+02 7.512698596941227405e-05
1.496000000000000227e+02 7.334672563838355380e-05
1.504000000000000057e+02 6.907410084391460892e-05
1.512000000000000171e+02 7.156646530735483354e-05
1.520000000000000284e+02 6.907410084391460892e-05
1.528000000000000114e+02 6.159700745359396215e-05
1.536000000000000227e+02 6.622568431426864566e-05
1.544000000000000341e+02 5.839253885774224671e-05
1.552000000000000171e+02 6.195305951979970078e-05
1.560000000000000284e+02 6.444542398323992540e-05
1.568000000000000114e+02 6.159700745359396215e-05
1.576000000000000227e+02 6.978620497632609973e-05
1.584000000000000341e+02 5.590017439430202886e-05
1.592000000000000171e+02 6.586963224806290703e-05
1.600000000000000284e+02 6.052885125497671915e-05
1.608000000000000114e+02 5.946069505635948293e-05
1.616000000000000227e+02 5.625622646050777427e-05
1.624000000000000341e+02 6.693778844668013647e-05
1.632000000000000171e+02 5.376386199706755642e-05
1.640000000000000284e+02 5.269570579845032020e-05
1.648000000000000114e+02 6.017279918877097375e-05
1.656000000000000227e+02 6.302121571841694378e-05
1.664000000000000341e+02 5.803648679153650130e-05
1.672000000000000171e+02 6.693778844668013647e-05
1.680000000000000284e+02 5.768043472533075590e-05
1.688000000000000114e+02 5.198360166603882939e-05
1.696000000000000227e+02 4.557466447433541207e-05
1.704000000000000341e+02 5.590017439430202886e-05
1.712000000000000171e+02 5.055939340121584776e-05
1.720000000000000284e+02 4.913518513639286614e-05
1.728000000000000114e+02 4.450650827571817585e-05
1.736000000000000227e+02 5.233965373224457480e-05
1.744000000000000341e+02 4.877913307018712073e-05
1.752000000000000171e+02 5.127149753362733858e-05
1.760000000000000284e+02 5.661227852671351968e-05
1.768000000000000114e+02 4.628676860674690288e-05
1.776000000000000227e+02 5.198360166603882939e-05
1.784000000000000341e+02 4.877913307018712073e-05
1.792000000000000171e+02 5.055939340121584776e-05
1.800000000000000284e+02 4.308230001089519422e-05
1.808000000000000114e+02 4.699887273915839369e-05
1.816000000000000227e+02 4.664282067295264829e-05
1.824000000000000341e+02 5.162754959983308398e-05
1.832000000000000171e+02 4.699887273915839369e-05
1.840000000000000284e+02 4.593071654054115747e-05
1.848000000000000114e+02 3.524915455436879527e-05
1.856000000000000227e+02 4.130203967986646719e-05
1.864000000000000341e+02 3.845362315022050393e-05
1.872000000000000171e+02 4.201414381227795800e-05
1.880000000000000284e+02 4.272624794468944881e-05
1.888000000000000114e+02 3.845362315022050393e-05
1.896000000000000227e+02 3.453705042195730446e-05
1.904000000000000341e+02 4.379440414330668503e-05
1.912000000000000171e+02 3.952177934883774015e-05
1.920000000000000284e+02 4.165809174607221259e-05
1.928000000000000114e+02 3.702941488539752230e-05
1.936000000000000227e+02 4.058993554745497637e-05
1.944000000000000341e+02 3.667336281919177690e-05
1.952000000000000171e+02 3.240073802472283202e-05
1.960000000000000284e+02 3.738546695160326771e-05
1.968000000000000114e+02 3.311284215713432283e-05
1.976000000000000227e+02 3.275679009092857742e-05
1.984000000000000341e+02 3.916572728263199475e-05
1.992000000000000171e+02 3.026442562748835958e-05
2.000000000000000284e+02 3.702941488539752230e-05
2.008000000000000114e+02 3.596125868678028608e-05
2.016000000000000227e+02 3.275679009092857742e-05
2.024000000000000341e+02 3.418099835575155905e-05
2.032000000000000171e+02 3.133258182610559580e-05
2.040000000000000284e+02 2.634785289922516010e-05
2.048000000000000114e+02 3.916572728263199475e-05
2.056000000000000227e+02 2.634785289922516010e-05
2.064000000000000341e+02 3.026442562748835958e-05
2.072000000000000171e+02 3.168863389231134120e-05
2.080000000000000284e+02 2.705995703163665092e-05
2.088000000000000114e+02 3.738546695160326771e-05
2.096000000000000227e+02 3.418099835575155905e-05
2.104000000000000341e+02 3.275679009092857742e-05
2.112000000000000171e+02 3.560520662057454068e-05
2.120000000000000284e+02 2.990837356128261417e-05
2.128000000000000114e+02 3.133258182610559580e-05
2.136000000000000227e+02 3.275679009092857742e-05
2.144000000000000341e+02 2.670390496543090551e-05
2.152000000000000171e+02 3.311284215713432283e-05
2.160000000000000284e+02 2.670390496543090551e-05
2.168000000000000114e+02 2.705995703163665092e-05
2.176000000000000227e+02 2.990837356128261417e-05
2.184000000000000341e+02 2.634785289922516010e-05
2.192000000000000171e+02 2.670390496543090551e-05
2.200000000000000284e+02 2.741600909784239632e-05
2.208000000000000114e+02 2.207522810475621522e-05
2.216000000000000227e+02 3.382494628954581364e-05
2.224000000000000341e+02 2.670390496543090551e-05
2.232000000000000171e+02 2.705995703163665092e-05
2.240000000000000284e+02 2.349943636957919685e-05
2.248000000000000114e+02 2.741600909784239632e-05
2.256000000000000227e+02 2.207522810475621522e-05
2.264000000000000341e+02 2.527969670060792388e-05
2.272000000000000171e+02 2.492364463440217847e-05
2.280000000000000284e+02 2.563574876681366929e-05
2.288000000000000114e+02 2.100707190613897900e-05
2.296000000000000227e+02 2.349943636957919685e-05
2.304000000000000341e+02 2.314338430337345144e-05
2.312000000000000171e+02 2.278733223716770603e-05
2.320000000000000284e+02 2.741600909784239632e-05
2.328000000000000114e+02 2.563574876681366929e-05
2.336000000000000227e+02 2.599180083301941469e-05
2.344000000000000341e+02 2.456759256819643307e-05
2.352000000000000171e+02 2.171917603855046981e-05
2.360000000000000284e+02 2.527969670060792388e-05
2.368000000000000114e+02 2.207522810475621522e-05
2.376000000000000227e+02 2.421154050199068766e-05
2.384000000000000341e+02 2.421154050199068766e-05
2.392000000000000171e+02 2.171917603855046981e-05
2.400000000000000284e+02 2.207522810475621522e-05
2.408000000000000114e+02 1.993891570752174278e-05
2.416000000000000227e+02 1.709049917787577953e-05
2.424000000000000341e+02 1.815865537649301575e-05
2.432000000000000171e+02 2.527969670060792388e-05
2.440000000000000284e+02 1.958286364131599737e-05
2.448000000000000114e+02 1.709049917787577953e-05
2.456000000000000227e+02 1.780260331028727034e-05
2.464000000000000341e+02 2.243128017096196063e-05
2.472000000000000171e+02 1.958286364131599737e-05
2.480000000000000284e+02 2.029496777372748819e-05
2.488000000000000114e+02 2.029496777372748819e-05
2.496000000000000227e+02 2.349943636957919685e-05
2.504000000000000341e+02 2.243128017096196063e-05
2.512000000000000171e+02 1.744655124408152493e-05
2.520000000000000284e+02 1.709049917787577953e-05
2.528000000000000114e+02 1.815865537649301575e-05
2.536000000000000227e+02 1.709049917787577953e-05
2.544000000000000341e+02 1.887075950890450656e-05
2.552000000000000171e+02 1.744655124408152493e-05
2.560000000000000000e+02 1.388603058202407086e-05
2.568000000000000114e+02 1.673444711167003412e-05
2.576000000000000227e+02 1.993891570752174278e-05
2.584000000000000341e+02 1.922681157511025197e-05
2.592000000000000455e+02 1.281787438340683464e-05
2.600000000000000000e+02 1.851470744269876115e-05
2.608000000000000114e+02 1.851470744269876115e-05
2.616000000000000227e+02 1.531023884684705249e-05
2.624000000000000341e+02 1.602234297925854331e-05
2.632000000000000455e+02 1.317392644961258005e-05
2.640000000000000000e+02 1.637839504546428871e-05
2.648000000000000114e+02 1.352997851581832546e-05
2.656000000000000227e+02 1.673444711167003412e-05
2.664000000000000341e+02 2.029496777372748819e-05
2.672000000000000455e+02 2.065101983993323359e-05
2.680000000000000000e+02 1.673444711167003412e-05
2.688000000000000114e+02 1.958286364131599737e-05
2.696000000000000227e+02 1.637839504546428871e-05
2.704000000000000341e+02 1.566629091305279790e-05
2.712000000000000455e+02 2.065101983993323359e-05
2.720000000000000000e+02 1.744655124408152493e-05
2.728000000000000114e+02 1.531023884684705249e-05
2.736000000000000227e+02 1.780260331028727034e-05
2.744000000000000341e+02 1.424208264822981627e-05
2.752000000000000455e+02 1.531023884684705249e-05
2.760000000000000000e+02 1.780260331028727034e-05
2.768000000000000114e+02 1.352997851581832546e-05
2.776000000000000227e+02 1.922681157511025197e-05
2.784000000000000341e+02 1.673444711167003412e-05
2.792000000000000455e+02 1.459813471443556168e-05
2.800000000000000000e+02 1.744655124408152493e-05
2.808000000000000114e+02 1.352997851581832546e-05
2.816000000000000227e+02 1.174971818478959842e-05
2.824000000000000341e+02 1.709049917787577953e-05
2.832000000000000455e+02 1.566629091305279790e-05
2.840000000000000000e+02 9.257353721349380576e-06
2.848000000000000114e+02 1.352997851581832546e-05
2.856000000000000227e+02 1.566629091305279790e-05
2.864000000000000341e+02 1.139366611858385302e-05
2.872000000000000455e+02 1.388603058202407086e-05
2.880000000000000000e+02 9.257353721349380576e-06
2.888000000000000114e+02 1.602234297925854331e-05
2.896000000000000227e+02 1.281787438340683464e-05
2.904000000000000341e+02 1.246182231720108924e-05
2.912000000000000455e+02 1.424208264822981627e-05
2.920000000000000000e+02 1.174971818478959842e-05
2.928000000000000114e+02 1.602234297925854331e-05
2.936000000000000227e+02 1.317392644961258005e-05
2.944000000000000341e+02 9.969457853760871390e-06
2.952000000000000455e+02 1.246182231720108924e-05
2.960000000000000000e+02 1.281787438340683464e-05
2.968000000000000114e+02 1.352997851581832546e-05
2.976000000000000227e+02 1.459813471443556168e-05
2.984000000000000341e+02 1.709049917787577953e-05
2.992000000000000455e+02 1.495418678064130708e-05
3.000000000000000000e+02 9.969457853760871390e-06
3.008000000000000114e+02 9.969457853760871390e-06
3.016000000000000227e+02 9.613405787555125983e-06
3.024000000000000341e+02 1.246182231720108924e-05
3.032000000000000455e+02 1.424208264822981627e-05
3.040000000000000000e+02 8.189197522732144356e-06
3.048000000000000114e+02 1.352997851581832546e-05
3.056000000000000227e+02 1.246182231720108924e-05
3.064000000000000341e+02 9.613405787555125983e-06
3.072000000000000455e+02 1.032550991996661680e-05
3.080000000000000568e+02 9.613405787555125983e-06
3.088000000000000114e+02 1.352997851581832546e-05
3.096000000000000227e+02 1.566629091305279790e-05
3.104000000000000341e+02 1.210577025099534383e-05
3.112000000000000455e+02 1.103761405237810761e-05
3.120000000000000568e+02 1.210577025099534383e-05
3.128000000000000114e+02 1.032550991996661680e-05
3.136000000000000227e+02 1.139366611858385302e-05
3.144000000000000341e+02 7.833145456526398949e-06
3.152000000000000455e+02 9.613405787555125983e-06
3.160000000000000568e+02 1.032550991996661680e-05
3.168000000000000114e+02 7.477093390320653542e-06
3.176000000000000227e+02 1.139366611858385302e-05
3.184000000000000341e+02 1.210577025099534383e-05
3.192000000000000455e+02 1.068156198617236220e-05
3.200000000000000568e+02 9.257353721349380576e-06
3.208000000000000114e+02 7.121041324114908136e-06
3.216000000000000227e+02 1.174971818478959842e-05
3.224000000000000341e+02 8.901301655143635169e-06
3.232000000000000455e+02 8.189197522732144356e-06
3.240000000000000568e+02 1.281787438340683464e-05
3.248000000000000114e+02 1.317392644961258005e-05
3.256000000000000227e+02 6.408937191703417322e-06
3.264000000000000341e+02 9.969457853760871390e-06
3.272000000000000455e+02 9.969457853760871390e-06
3.280000000000000568e+02 9.257353721349380576e-06
3.288000000000000114e+02 8.545249588937889763e-06
3.296000000000000227e+02 8.545249588937889763e-06
3.304000000000000341e+02 9.257353721349380576e-06
3.312000000000000455e+02 8.901301655143635169e-06
3.320000000000000568e+02 8.901301655143635169e-06
3.328000000000000114e+02 8.545249588937889763e-06
3.336000000000000227e+02 8.901301655143635169e-06
3.344000000000000341e+02 1.246182231720108924e-05
3.352000000000000455e+02 8.901301655143635169e-06
3.360000000000000568e+02 6.052885125497671915e-06
3.368000000000000114e+02 9.613405787555125983e-06
3.376000000000000227e+02 7.121041324114908136e-06
3.384000000000000341e+02 9.969457853760871390e-06
3.392000000000000455e+02 7.477093390320653542e-06
3.400000000000000568e+02 7.833145456526398949e-06
3.408000000000000114e+02 8.545249588937889763e-06
3.416000000000000227e+02 1.174971818478959842e-05
3.424000000000000341e+02 5.340780993086181102e-06
3.432000000000000455e+02 1.139366611858385302e-05
3.440000000000000568e+02 9.257353721349380576e-06
3.448000000000000114e+02 6.408937191703417322e-06
3.456000000000000227e+02 7.477093390320653542e-06
3.464000000000000341e+02 9.257353721349380576e-06
3.472000000000000455e+02 8.189197522732144356e-06
3.480000000000000568e+02 8.189197522732144356e-06
3.488000000000000114e+02 8.189197522732144356e-06
3.496000000000000227e+02 1.103761405237810761e-05
3.504000000000000341e+02 8.189197522732144356e-06
3.512000000000000455e+02 6.408937191703417322e-06
3.520000000000000568e+02 1.032550991996661680e-05
3.528000000000000114e+02 8.545249588937889763e-06
3.536000000000000227e+02 8.901301655143635169e-06
3.544000000000000341e+02 7.121041324114908136e-06
3.552000000000000455e+02 2.848416529645963254e-06
3.560000000000000568e+02 7.121041324114908136e-06
3.568000000000000114e+02 4.628676860674690288e-06
3.576000000000000227e+02 8.545249588937889763e-06
3.584000000000000341e+02 7.121041324114908136e-06
3.592000000000000455e+02 5.340780993086181102e-06
3.600000000000000568e+02 6.052885125497671915e-06
3.608000000000000114e+02 9.613405787555125983e-06
3.616000000000000227e+02 7.477093390320653542e-06
3.624000000000000341e+02 1.068156198617236220e-05
3.632000000000000455e+02 7.833145456526398949e-06
3.640000000000000568e+02 6.764989257909162729e-06
3.648000000000000114e+02 8.189197522732144356e-06
3.656000000000000227e+02 7.833145456526398949e-06
3.664000000000000341e+02 7.833145456526398949e-06
3.672000000000000455e+02 6.408937191703417322e-06
3.680000000000000568e+02 8.189197522732144356e-06
3.688000000000000114e+02 6.408937191703417322e-06
3.696000000000000227e+02 9.257353721349380576e-06
3.704000000000000341e+02 7.121041324114908136e-06
3.712000000000000455e+02 1.032550991996661680e-05
3.720000000000000568e+02 7.121041324114908136e-06
3.728000000000000114e+02 7.833145456526398949e-06
3.736000000000000227e+02 4.272624794468944881e-06
3.744000000000000341e+02 3.916572728263199475e-06
3.752000000000000455e+02 6.408937191703417322e-06
3.760000000000000568e+02 4.984728926880435695e-06
3.768000000000000114e+02 6.052885125497671915e-06
3.776000000000000227e+02 6.764989257909162729e-06
3.784000000000000341e+02 6.408937191703417322e-06
3.792000000000000455e+02 4.984728926880435695e-06
3.800000000000000568e+02 6.052885125497671915e-06
3.808000000000000114e+02 6.052885125497671915e-06
3.816000000000000227e+02 7.833145456526398949e-06
3.824000000000000341e+02 8.545249588937889763e-06
3.832000000000000455e+02 6.764989257909162729e-06
3.840000000000000568e+02 6.408937191703417322e-06
3.848000000000000114e+02 8.189197522732144356e-06
3.856000000000000227e+02 7.833145456526398949e-06
3.864000000000000341e+02 6.052885125497671915e-06
3.872000000000000455e+02 6.052885125497671915e-06
3.880000000000000568e+02 3.560520662057454068e-06
3.888000000000000114e+02 3.204468595851708661e-06
3.896000000000000227e+02 6.052885125497671915e-06
3.904000000000000341e+02 7.833145456526398949e-06
3.912000000000000455e+02 5.696833059291926508e-06
3.920000000000000568e+02 7.477093390320653542e-06
3.928000000000000114e+02 6.408937191703417322e-06
3.936000000000000227e+02 7.833145456526398949e-06
3.944000000000000341e+02 5.340780993086181102e-06
3.952000000000000455e+02 6.408937191703417322e-06
3.960000000000000568e+02 5.696833059291926508e-06
3.968000000000000114e+02 6.408937191703417322e-06
3.976000000000000227e+02 6.764989257909162729e-06
3.984000000000000341e+02 6.052885125497671915e-06
3.992000000000000455e+02 6.408937191703417322e-06
4.000000000000000568e+02 2.848416529645963254e-06
4.008000000000000114e+02 8.901301655143635169e-06
4.016000000000000227e+02 3.560520662057454068e-06
4.024000000000000341e+02 4.984728926880435695e-06
4.032000000000000455e+02 2.492364463440217847e-06
4.040000000000000568e+02 7.121041324114908136e-06
4.048000000000000114e+02 4.628676860674690288e-06
4.056000000000000227e+02 4.984728926880435695e-06
4.064000000000000341e+02 8.189197522732144356e-06
4.072000000000000455e+02 4.272624794468944881e-06
4.080000000000000568e+02 3.560520662057454068e-06
4.088000000000000114e+02 4.984728926880435695e-06
4.096000000000000227e+02 4.628676860674690288e-06
4.104000000000000341e+02 4.628676860674690288e-06
4.112000000000000455e+02 5.340780993086181102e-06
4.120000000000000568e+02 3.560520662057454068e-06
4.128000000000000114e+02 3.916572728263199475e-06
4.136000000000000227e+02 5.340780993086181102e-06
4.144000000000000341e+02 7.477093390320653542e-06
4.152000000000000455e+02 4.984728926880435695e-06
4.160000000000000568e+02 4.272624794468944881e-06
4.168000000000000114e+02 3.560520662057454068e-06
4.176000000000000227e+02 4.984728926880435695e-06
4.184000000000000341e+02 7.121041324114908136e-06
4.192000000000000455e+02 4.628676860674690288e-06
4.200000000000000568e+02 4.984728926880435695e-06
4.208000000000000114e+02 7.833145456526398949e-06
4.216000000000000227e+02 3.560520662057454068e-06
4.224000000000000341e+02 2.492364463440217847e-06
4.232000000000000455e+02 4.984728926880435695e-06
4.240000000000000568e+02 6.408937191703417322e-06
4.248000000000000114e+02 4.628676860674690288e-06
4.256000000000000227e+02 4.628676860674690288e-06
4.264000000000000341e+02 4.628676860674690288e-06
4.272000000000000455e+02 3.560520662057454068e-06
4.280000000000000568e+02 3.204468595851708661e-06
4.288000000000000114e+02 4.628676860674690288e-06
4.296000000000000227e+02 3.560520662057454068e-06
4.304000000000000341e+02 2.848416529645963254e-06
4.312000000000000455e+02 5.696833059291926508e-06
4.320000000000000568e+02 5.340780993086181102e-06
4.328000000000000114e+02 5.340780993086181102e-06
4.336000000000000227e+02 4.984728926880435695e-06
4.344000000000000341e+02 4.984728926880435695e-06
4.352000000000000455e+02 4.272624794468944881e-06
4.360000000000000568e+02 4.272624794468944881e-06
4.368000000000000114e+02 2.136312397234472441e-06
4.376000000000000227e+02 4.984728926880435695e-06
4.384000000000000341e+02 5.696833059291926508e-06
4.392000000000000455e+02 6.052885125497671915e-06
4.400000000000000568e+02 3.204468595851708661e-06
4.408000000000000114e+02 2.492364463440217847e-06
4.416000000000000227e+02 4.272624794468944881e-06
4.424000000000000341e+02 2.492364463440217847e-06
4.432000000000000455e+02 3.560520662057454068e-06
4.440000000000000568e+02 4.628676860674690288e-06
4.448000000000000114e+02 4.272624794468944881e-06
4.456000000000000227e+02 2.136312397234472441e-06
4.464000000000000341e+02 4.984728926880435695e-06
4.472000000000000455e+02 5.340780993086181102e-06
4.480000000000000568e+02 4.984728926880435695e-06
4.488000000000000114e+02 1.780260331028727034e-06
4.496000000000000227e+02 2.848416529645963254e-06
4.504000000000000341e+02 2.492364463440217847e-06
4.512000000000000455e+02 6.052885125497671915e-06
4.520000000000000568e+02 3.204468595851708661e-06
4.528000000000000114e+02 3.916572728263199475e-06
4.536000000000000227e+02 3.204468595851708661e-06
4.544000000000000341e+02 3.204468595851708661e-06
4.552000000000000455e+02 2.848416529645963254e-06
4.560000000000000568e+02 2.848416529645963254e-06
4.568000000000000114e+02 2.136312397234472441e-06
4.576000000000000227e+02 3.204468595851708661e-06
4.584000000000000341e+02 4.272624794468944881e-06
4.592000000000000455e+02 4.628676860674690288e-06
4.600000000000000568e+02 3.204468595851708661e-06
4.608000000000000114e+02 4.628676860674690288e-06
4.616000000000000227e+02 4.272624794468944881e-06
4.624000000000000341e+02 3.916572728263199475e-06
4.632000000000000455e+02 4.272624794468944881e-06
4.640000000000000568e+02 6.052885125497671915e-06
4.648000000000000114e+02 2.848416529645963254e-06
4.656000000000000227e+02 1.068156198617236220e-06
4.664000000000000341e+02 2.492364463440217847e-06
4.672000000000000455e+02 3.204468595851708661e-06
4.680000000000000568e+02 4.628676860674690288e-06
4.688000000000000114e+02 4.272624794468944881e-06
4.696000000000000227e+02 1.424208264822981627e-06
4.704000000000000341e+02 3.916572728263199475e-06
4.712000000000000455e+02 2.136312397234472441e-06
4.720000000000000568e+02 2.848416529645963254e-06
4.728000000000000114e+02 4.272624794468944881e-06
4.736000000000000227e+02 3.560520662057454068e-06
4.744000000000000341e+02 4.272624794468944881e-06
4.752000000000000455e+02 4.272624794468944881e-06
4.760000000000000568e+02 4.984728926880435695e-06
4.768000000000000114e+02 3.916572728263199475e-06
4.776000000000000227e+02 3.916572728263199475e-06
4.784000000000000341e+02 2.492364463440217847e-06
4.792000000000000455e+02 4.628676860674690288e-06
4.800000000000000568e+02 3.916572728263199475e-06
4.808000000000000114e+02 6.052885125497671915e-06
4.816000000000000227e+02 2.136312397234472441e-06
4.824000000000000341e+02 4.272624794468944881e-06
4.832000000000000455e+02 3.916572728263199475e-06
4.840000000000000568e+02 2.848416529645963254e-06
4.848000000000000114e+02 3.560520662057454068e-06
4.856000000000000227e+02 2.848416529645963254e-06
4.864000000000000341e+02 3.916572728263199475e-06
4.872000000000000455e+02 4.984728926880435695e-06
4.880000000000000568e+02 4.628676860674690288e-06
4.888000000000000114e+02 4.272624794468944881e-06
4.896000000000000227e+02 2.492364463440217847e-06
4.904000000000000341e+02 3.916572728263199475e-06
4.912000000000000455e+02 3.560520662057454068e-06
4.920000000000000568e+02 4.984728926880435695e-06
4.928000000000000114e+02 3.204468595851708661e-06
4.936000000000000227e+02 3.204468595851708661e-06
4.944000000000000341e+02 2.848416529645963254e-06
4.952000000000000455e+02 3.916572728263199475e-06
4.960000000000000568e+02 4.272624794468944881e-06
4.968000000000000114e+02 3.560520662057454068e-06
4.976000000000000227e+02 3.204468595851708661e-06
4.984000000000000341e+02 2.848416529645963254e-06
4.992000000000000455e+02 2.136312397234472441e-06
5.000000000000000568e+02 3.204468595851708661e-06
5.008000000000000114e+02 3.204468595851708661e-06
5.016000000000000227e+02 2.848416529645963254e-06
5.024000000000000341e+02 3.204468595851708661e-06
5.032000000000000455e+02 4.272624794468944881e-06
5.040000000000000568e+02 2.492364463440217847e-06
5.048000000000000114e+02 3.560520662057454068e-06
5.056000000000000227e+02 2.136312397234472441e-06
5.064000000000000341e+02 3.204468595851708661e-06
5.072000000000000455e+02 6.052885125497671915e-06
5.080000000000000568e+02 2.492364463440217847e-06
5.088000000000000114e+02 1.424208264822981627e-06
5.096000000000000227e+02 2.848416529645963254e-06
5.104000000000000341e+02 1.424208264822981627e-06
5.112000000000000455e+02 2.492364463440217847e-06
5.120000000000000000e+02 1.424208264822981627e-06
5.127999999999999545e+02 2.136312397234472441e-06
5.136000000000000227e+02 3.560520662057454068e-06
5.143999999999999773e+02 1.424208264822981627e-06
5.151999999999999318e+02 2.848416529645963254e-06
5.160000000000000000e+02 3.204468595851708661e-06
5.167999999999999545e+02 2.492364463440217847e-06
5.176000000000000227e+02 3.204468595851708661e-06
5.183999999999999773e+02 1.068156198617236220e-06
5.191999999999999318e+02 2.492364463440217847e-06
5.200000000000000000e+02 2.136312397234472441e-06
5.207999999999999545e+02 3.916572728263199475e-06
5.216000000000000227e+02 2.848416529645963254e-06
5.223999999999999773e+02 1.068156198617236220e-06
5.231999999999999318e+02 4.628676860674690288e-06
5.240000000000000000e+02 3.560520662057454068e-06
5.247999999999999545e+02 2.136312397234472441e-06
5.256000000000000227e+02 3.560520662057454068e-07
5.263999999999999773e+02 1.068156198617236220e-06
5.271999999999999318e+02 3.204468595851708661e-06
5.280000000000000000e+02 1.424208264822981627e-06
5.287999999999999545e+02 2.136312397234472441e-06
5.296000000000000227e+02 2.492364463440217847e-06
5.303999999999999773e+02 3.204468595851708661e-06
5.311999999999999318e+02 2.492364463440217847e-06
5.320000000000000000e+02 2.136312397234472441e-06
5.327999999999999545e+02 2.492364463440217847e-06
5.336000000000000227e+02 1.780260331028727034e-06
5.343999999999999773e+02 1.424208264822981627e-06
5.351999999999999318e+02 2.492364463440217847e-06
5.360000000000000000e+02 2.848416529645963254e-06
5.367999999999999545e+02 1.424208264822981627e-06
5.376000000000000227e+02 1.068156198617236220e-06
5.383999999999999773e+02 4.984728926880435695e-06
5.391999999999999318e+02 5.340780993086181102e-06
5.400000000000000000e+02 1.780260331028727034e-06
5.407999999999999545e+02 2.848416529645963254e-06
5.416000000000000227e+02 2.136312397234472441e-06
5.423999999999999773e+02 3.204468595851708661e-06
5.431999999999999318e+02 2.848416529645963254e-06
5.440000000000000000e+02 2.492364463440217847e-06
5.447999999999999545e+02 2.492364463440217847e-06
5.456000000000000227e+02 2.848416529645963254e-06
5.463999999999999773e+02 1.780260331028727034e-06
5.471999999999999318e+02 1.780260331028727034e-06
5.480000000000000000e+02 1.780260331028727034e-06
5.487999999999999545e+02 2.136312397234472441e-06
5.496000000000000227e+02 3.204468595851708661e-06
5.503999999999999773e+02 2.492364463440217847e-06
5.511999999999999318e+02 1.780260331028727034e-06
5.520000000000000000e+02 1.780260331028727034e-06
5.527999999999999545e+02 3.204468595851708661e-06
5.536000000000000227e+02 2.136312397234472441e-06
5.543999999999999773e+02 2.492364463440217847e-06
5.551999999999999318e+02 2.492364463440217847e-06
5.560000000000000000e+02 2.492364463440217847e-06
5.567999999999999545e+02 1.424208264822981627e-06
5.576000000000000227e+02 1.780260331028727034e-06
5.583999999999999773e+02 1.424208264822981627e-06
5.591999999999999318e+02 1.424208264822981627e-06
5.600000000000000000e+02 2.492364463440217847e-06
5.607999999999999545e+02 2.136312397234472441e-06
5.616000000000000227e+02 2.136312397234472441e-06
5.623999999999999773e+02 2.848416529645963254e-06
5.631999999999999318e+02 1.780260331028727034e-06
5.640000000000000000e+02 2.848416529645963254e-06
5.647999999999999545e+02 1.068156198617236220e-06
5.656000000000000227e+02 2.136312397234472441e-06
5.663999999999999773e+02 1.424208264822981627e-06
5.671999999999999318e+02 1.780260331028727034e-06
5.680000000000000000e+02 2.492364463440217847e-06
5.687999999999999545e+02 3.204468595851708661e-06
5.696000000000000227e+02 4.272624794468944881e-06
5.703999999999999773e+02 2.136312397234472441e-06
5.711999999999999318e+02 1.068156198617236220e-06
5.720000000000000000e+02 2.492364463440217847e-06
5.727999999999999545e+02 1.780260331028727034e-06
5.736000000000000227e+02 2.136312397234472441e-06
5.743999999999999773e+02 2.492364463440217847e-06
5.751999999999999318e+02 2.492364463440217847e-06
5.760000000000000000e+02 2.492364463440217847e-06
5.767999999999999545e+02 1.780260331028727034e-06
5.776000000000000227e+02 1.780260331028727034e-06
5.783999999999999773e+02 2.848416529645963254e-06
5.791999999999999318e+02 1.780260331028727034e-06
5.800000000000000000e+02 1.780260331028727034e-06
5.807999999999999545e+02 1.068156198617236220e-06
5.816000000000000227e+02 1.424208264822981627e-06
5.823999999999999773e+02 7.121041324114908136e-07
5.831999999999999318e+02 1.068156198617236220e-06
5.840000000000000000e+02 2.136312397234472441e-06
5.847999999999999545e+02 2.136312397234472441e-06
5.856000000000000227e+02 2.136312397234472441e-06
5.863999999999999773e+02 2.848416529645963254e-06
5.871999999999999318e+02 1.424208264822981627e-06
5.880000000000000000e+02 1.068156198617236220e-06
5.887999999999999545e+02 1.068156198617236220e-06
5.896000000000000227e+02 2.136312397234472441e-06
5.903999999999999773e+02 1.068156198617236220e-06
5.911999999999999318e+02 1.424208264822981627e-06
5.920000000000000000e+02 7.121041324114908136e-07
5.927999999999999545e+02 1.068156198617236220e-06
5.936000000000000227e+02 2.136312397234472441e-06
5.943999999999999773e+02 1.780260331028727034e-06
5.951999999999999318e+02 3.204468595851708661e-06
5.960000000000000000e+02 1.424208264822981627e-06
5.967999999999999545e+02 1.068156198617236220e-06
5.976000000000000227e+02 1.424208264822981627e-06
5.983999999999999773e+02 2.136312397234472441e-06
5.991999999999999318e+02 1.068156198617236220e-06
6.000000000000000000e+02 1.068156198617236220e-06
6.007999999999999545e+02 1.780260331028727034e-06
6.016000000000000227e+02 1.424208264822981627e-06
6.023999999999999773e+02 1.424208264822981627e-06
6.031999999999999318e+02 7.121041324114908136e-07
6.040000000000000000e+02 2.492364463440217847e-06
6.047999999999999545e+02 1.068156198617236220e-06
6.056000000000000227e+02 1.068156198617236220e-06
6.063999999999999773e+02 2.492364463440217847e-06
6.071999999999999318e+02 7.121041324114908136e-07
6.080000000000000000e+02 2.136312397234472441e-06
6.087999999999999545e+02 3.204468595851708661e-06
6.096000000000000227e+02 1.780260331028727034e-06
6.103999999999999773e+02 1.068156198617236220e-06
6.111999999999999318e+02 2.136312397234472441e-06
6.120000000000000000e+02 1.780260331028727034e-06
6.127999999999999545e+02 1.068156198617236220e-06
6.136000000000000227e+02 2.492364463440217847e-06
6.143999999999999773e+02 2.136312397234472441e-06
6.152000000000000455e+02 1.780260331028727034e-06
6.160000000000000000e+02 1.424208264822981627e-06
6.167999999999999545e+02 2.136312397234472441e-06
6.176000000000000227e+02 2.492364463440217847e-06
6.183999999999999773e+02 1.068156198617236220e-06
6.192000000000000455e+02 3.560520662057454068e-06
6.200000000000000000e+02 1.780260331028727034e-06
6.207999999999999545e+02 2.492364463440217847e-06
6.216000000000000227e+02 1.068156198617236220e-06
6.223999999999999773e+02 7.121041324114908136e-07
6.232000000000000455e+02 2.136312397234472441e-06
6.240000000000000000e+02 1.068156198617236220e-06
6.247999999999999545e+02 7.121041324114908136e-07
6.256000000000000227e+02 1.424208264822981627e-06
6.263999999999999773e+02 1.424208264822981627e-06
6.272000000000000455e+02 1.068156198617236220e-06
6.280000000000000000e+02 7.121041324114908136e-07
6.287999999999999545e+02 2.136312397234472441e-06
6.296000000000000227e+02 7.121041324114908136e-07
6.303999999999999773e+02 2.848416529645963254e-06
6.312000000000000455e+02 2.136312397234472441e-06
6.320000000000000000e+02 7.121041324114908136e-07
6.327999999999999545e+02 1.780260331028727034e-06
6.336000000000000227e+02 2.492364463440217847e-06
6.343999999999999773e+02 1.424208264822981627e-06
6.352000000000000455e+02 7.121041324114908136e-07
6.360000000000000000e+02 1.780260331028727034e-06
6.367999999999999545e+02 2.848416529645963254e-06
6.376000000000000227e+02 2.848416529645963254e-06
6.383999999999999773e+02 1.068156198617236220e-06
6.392000000000000455e+02 1.424208264822981627e-06
6.400000000000000000e+02 1.780260331028727034e-06
6.407999999999999545e+02 1.068156198617236220e-06
6.416000000000000227e+02 2.136312397234472441e-06
6.423999999999999773e+02 1.780260331028727034e-06
6.432000000000000455e+02 1.780260331028727034e-06
6.440000000000000000e+02 1.424208264822981627e-06
6.447999999999999545e+02 7.121041324114908136e-07
6.456000000000000227e+02 7.121041324114908136e-07
6.463999999999999773e+02 1.780260331028727034e-06
6.472000000000000455e+02 1.068156198617236220e-06
6.480000000000000000e+02 1.424208264822981627e-06
6.487999999999999545e+02 1.424208264822981627e-06
6.496000000000000227e+02 2.136312397234472441e-06
6.503999999999999773e+02 2.492364463440217847e-06
6.512000000000000455e+02 1.068156198617236220e-06
6.520000000000000000e+02 2.136312397234472441e-06
6.527999999999999545e+02 1.068156198617236220e-06
6.536000000000000227e+02 2.492364463440217847e-06
6.543999999999999773e+02 1.068156198617236220e-06
6.552000000000000455e+02 1.424208264822981627e-06
6.560000000000000000e+02 3.204468595851708661e-06
6.567999999999999545e+02 1.068156198617236220e-06
6.576000000000000227e+02 1.424208264822981627e-06
6.583999999999999773e+02 1.068156198617236220e-06
6.592000000000000455e+02 2.848416529645963254e-06
6.600000000000000000e+02 3.560520662057454068e-06
6.607999999999999545e+02 3.560520662057454068e-07
6.616000000000000227e+02 1.068156198617236220e-06
6.623999999999999773e+02 3.560520662057454068e-07
6.632000000000000455e+02 2.492364463440217847e-06
6.640000000000000000e+02 1.780260331028727034e-06
6.647999999999999545e+02 7.121041324114908136e-07
6.656000000000000227e+02 1.424208264822981627e-06
6.663999999999999773e+02 1.780260331028727034e-06
6.672000000000000455e+02 7.121041324114908136e-07
6.680000000000000000e+02 3.204468595851708661e-06
6.687999999999999545e+02 1.068156198617236220e-06
6.696000000000000227e+02 2.492364463440217847e-06
6.703999999999999773e+02 1.780260331028727034e-06
6.712000000000000455e+02 2.492364463440217847e-06
6.720000000000000000e+02 2.136312397234472441e-06
6.727999999999999545e+02 2.136312397234472441e-06
6.736000000000000227e+02 1.068156198617236220e-06
6.743999999999999773e+02 1.780260331028727034e-06
6.752000000000000455e+02 3.560520662057454068e-07
6.760000000000000000e+02 1.424208264822981627e-06
6.767999999999999545e+02 1.424208264822981627e-06
6.776000000000000227e+02 1.424208264822981627e-06
6.783999999999999773e+02 1.780260331028727034e-06
6.792000000000000455e+02 3.560520662057454068e-07
6.800000000000000000e+02 2.492364463440217847e-06
6.807999999999999545e+02 1.068156198617236220e-06
6.816000000000000227e+02 1.068156198617236220e-06
6.823999999999999773e+02 1.424208264822981627e-06
6.832000000000000455e+02 1.068156198617236220e-06
6.840000000000000000e+02 1.424208264822981627e-06
6.847999999999999545e+02 7.121041324114908136e-07
6.856000000000000227e+02 1.068156198617236220e-06
6.863999999999999773e+02 1.068156198617236220e-06
6.872000000000000455e+02 7.121041324114908136e-07
6.880000000000000000e+02 7.121041324114908136e-07
6.887999999999999545e+02 1.424208264822981627e-06
6.896000000000000227e+02 1.424208264822981627e-06
6.903999999999999773e+02 3.560520662057454068e-07
6.912000000000000455e+02 1.068156198617236220e-06
6.920000000000000000e+02 3.560520662057454068e-07
6.927999999999999545e+02 3.204468595851708661e-06
6.936000000000000227e+02 7.121041324114908136e-07
6.943999999999999773e+02 7.121041324114908136e-07
6.952000000000000455e+02 3.560520662057454068e-07
6.960000000000000000e+02 1.424208264822981627e-06
6.967999999999999545e+02 1.068156198617236220e-06
6.976000000000000227e+02 7.121041324114908136e-07
6.983999999999999773e+02 7.121041324114908136e-07
6.992000000000000455e+02 1.424208264822981627e-06
7.000000000000000000e+02 3.560520662057454068e-07
7.007999999999999545e+02 0.000000000000000000e+00
7.016000000000000227e+02 1.068156198617236220e-06
7.023999999999999773e+02 1.780260331028727034e-06
7.032000000000000455e+02 3.560520662057454068e-07
7.040000000000000000e+02 1.068156198617236220e-06
7.047999999999999545e+02 1.780260331028727034e-06
7.056000000000000227e+02 1.424208264822981627e-06
7.063999999999999773e+02 1.068156198617236220e-06
7.072000000000000455e+02 7.121041324114908136e-07
7.080000000000000000e+02 3.560520662057454068e-07
7.087999999999999545e+02 3.560520662057454068e-07
7.096000000000000227e+02 3.560520662057454068e-07
7.103999999999999773e+02 1.068156198617236220e-06
7.112000000000000455e+02 1.424208264822981627e-06
7.120000000000000000e+02 1.424208264822981627e-06
7.127999999999999545e+02 1.780260331028727034e-06
7.136000000000000227e+02 1.068156198617236220e-06
7.143999999999999773e+02 1.780260331028727034e-06
7.152000000000000455e+02 1.424208264822981627e-06
7.160000000000000000e+02 7.121041324114908136e-07
7.167999999999999545e+02 3.560520662057454068e-07
7.176000000000000227e+02 1.068156198617236220e-06
7.183999999999999773e+02 1.068156198617236220e-06
7.192000000000000455e+02 1.780260331028727034e-06
7.200000000000000000e+02 1.068156198617236220e-06
7.207999999999999545e+02 7.121041324114908136e-07
7.216000000000000227e+02 3.560520662057454068e-07
7.223999999999999773e+02 1.424208264822981627e-06
7.232000000000000455e+02 3.560520662057454068e-07
7.240000000000000000e+02 3.560520662057454068e-07
7.247999999999999545e+02 1.780260331028727034e-06
7.256000000000000227e+02 1.424208264822981627e-06
7.263999999999999773e+02 0.000000000000000000e+00
7.272000000000000455e+02 7.121041324114908136e-07
7.280000000000000000e+02 1.424208264822981627e-06
7.287999999999999545e+02 0.000000000000000000e+00
7.296000000000000227e+02 7.121041324114908136e-07
7.303999999999999773e+02 0.000000000000000000e+00
7.312000000000000455e+02 1.780260331028727034e-06
7.320000000000000000e+02 3.560520662057454068e-07
7.327999999999999545e+02 1.424208264822981627e-06
7.336000000000000227e+02 7.121041324114908136e-07
7.343999999999999773e+02 1.780260331028727034e-06
7.352000000000000455e+02 1.424208264822981627e-06
7.360000000000000000e+02 1.424208264822981627e-06
7.367999999999999545e+02 0.000000000000000000e+00
7.376000000000000227e+02 1.424208264822981627e-06
7.383999999999999773e+02 7.121041324114908136e-07
7.392000000000000455e+02 1.068156198617236220e-06
7.400000000000000000e+02 1.424208264822981627e-06
7.407999999999999545e+02 3.560520662057454068e-07
7.416000000000000227e+02 2.136312397234472441e-06
7.423999999999999773e+02 0.000000000000000000e+00
7.432000000000000455e+02 7.121041324114908136e-07
7.440000000000000000e+02 3.560520662057454068e-07
7.447999999999999545e+02 1.068156198617236220e-06
7.456000000000000227e+02 1.424208264822981627e-06
7.463999999999999773e+02 7.121041324114908136e-07
7.472000000000000455e+02 3.560520662057454068e-07
7.480000000000000000e+02 3.560520662057454068e-07
7.487999999999999545e+02 2.136312397234472441e-06
7.496000000000000227e+02 1.780260331028727034e-06
7.503999999999999773e+02 1.068156198617236220e-06
7.512000000000000455e+02 1.424208264822981627e-06
7.520000000000000000e+02 3.560520662057454068e-07
7.527999999999999545e+02 1.780260331028727034e-06
7.536000000000000227e+02 7.121041324114908136e-07
7.543999999999999773e+02 1.068156198617236220e-06
7.552000000000000455e+02 1.068156198617236220e-06
7.560000000000000000e+02 1.780260331028727034e-06
7.567999999999999545e+02 7.121041324114908136e-07
7.576000000000000227e+02 7.121041324114908136e-07
7.583999999999999773e+02 7.121041324114908136e-07
7.592000000000000455e+02 7.121041324114908136e-07
7.600000000000000000e+02 3.560520662057454068e-07
7.607999999999999545e+02 7.121041324114908136e-07
7.616000000000000227e+02 7.121041324114908136e-07
7.623999999999999773e+02 3.560520662057454068e-07
7.632000000000000455e+02 7.121041324114908136e-07
7.640000000000000000e+02 7.121041324114908136e-07
7.647999999999999545e+02 0.000000000000000000e+00
7.656000000000000227e+02 1.424208264822981627e-06
7.663999999999999773e+02 7.121041324114908136e-07
7.672000000000000455e+02 7.121041324114908136e-07
7.680000000000000000e+02 1.068156198617236220e-06
7.687999999999999545e+02 1.424208264822981627e-06
7.696000000000000227e+02 0.000000000000000000e+00
7.703999999999999773e+02 7.121041324114908136e-07
7.712000000000000455e+02 3.560520662057454068e-07
7.720000000000000000e+02 1.780260331028727034e-06
7.727999999999999545e+02 1.068156198617236220e-06
7.736000000000000227e+02 3.560520662057454068e-07
7.743999999999999773e+02 7.121041324114908136e-07
7.752000000000000455e+02 1.424208264822981627e-06
7.760000000000000000e+02 1.068156198617236220e-06
7.767999999999999545e+02 1.068156198617236220e-06
7.776000000000000227e+02 7.121041324114908136e-07
7.783999999999999773e+02 1.068156198617236220e-06
7.792000000000000455e+02 1.068156198617236220e-06
7.800000000000000000e+02 1.424208264822981627e-06
7.807999999999999545e+02 1.424208264822981627e-06
7.816000000000000227e+02 1.424208264822981627e-06
7.823999999999999773e+02 3.560520662057454068e-07
7.832000000000000455e+02 1.780260331028727034e-06
7.840000000000000000e+02 3.560520662057454068e-07
7.847999999999999545e+02 3.560520662057454068e-07
7.856000000000000227e+02 7.121041324114908136e-07
7.863999999999999773e+02 3.560520662057454068e-07
7.872000000000000455e+02 7.121041324114908136e-07
7.880000000000000000e+02 1.068156198617236220e-06
7.887999999999999545e+02 7.121041324114908136e-07
7.896000000000000227e+02 1.068156198617236220e-06
7.903999999999999773e+02 3.560520662057454068e-07
7.912000000000000455e+02 1.068156198617236220e-06
7.920000000000000000e+02 7.121041324114908136e-07
7.927999999999999545e+02 2.848416529645963254e-06
7.936000000000000227e+02 7.121041324114908136e-07
7.943999999999999773e+02 7.121041324114908136e-07
7.952000000000000455e+02 1.068156198617236220e-06
7.960000000000000000e+02 7.121041324114908136e-07
7.967999999999999545e+02 1.068156198617236220e-06
7.976000000000000227e+02 1.068156198617236220e-06
7.983999999999999773e+02 1.068156198617236220e-06
7.992000000000000455e+02 0.000000000000000000e+00
8.000000000000000000e+02 7.121041324114908136e-07
8.007999999999999545e+02 1.424208264822981627e-06
8.016000000000000227e+02 1.780260331028727034e-06
8.023999999999999773e+02 7.121041324114908136e-07
8.032000000000000455e+02 1.068156198617236220e-06
8.040000000000000000e+02 3.560520662057454068e-07
8.047999999999999545e+02 0.000000000000000000e+00
8.056000000000000227e+02 7.121041324114908136e-07
8.063999999999999773e+02 3.560520662057454068e-07
8.072000000000000455e+02 3.560520662057454068e-07
8.080000000000000000e+02 1.068156198617236220e-06
8.087999999999999545e+02 7.121041324114908136e-07
8.096000000000000227e+02 7.121041324114908136e-07
8.103999999999999773e+02 3.560520662057454068e-07
8.112000000000000455e+02 1.424208264822981627e-06
8.120000000000000000e+02 2.136312397234472441e-06
8.127999999999999545e+02 0.000000000000000000e+00
8.136000000000000227e+02 7.121041324114908136e-07
8.143999999999999773e+02 0.000000000000000000e+00
8.152000000000000455e+02 3.560520662057454068e-07
8.160000000000000000e+02 3.560520662057454068e-07
8.167999999999999545e+02 1.068156198617236220e-06
8.176000000000000227e+02 1.068156198617236220e-06
8.183999999999999773e+02 0.000000000000000000e+00
8.192000000000000455e+02 3.560520662057454068e-07
8.200000000000000000e+02 1.780260331028727034e-06
8.207999999999999545e+02 3.560520662057454068e-07
8.216000000000000227e+02 1.068156198617236220e-06
8.223999999999999773e+02 1.780260331028727034e-06
8.232000000000000455e+02 7.121041324114908136e-07
8.240000000000000000e+02 7.121041324114908136e-07
8.247999999999999545e+02 3.560520662057454068e-07
8.256000000000000227e+02 0.000000000000000000e+00
8.263999999999999773e+02 3.560520662057454068e-07
8.272000000000000455e+02 0.000000000000000000e+00
8.280000000000000000e+02 1.068156198617236220e-06
8.287999999999999545e+02 0.000000000000000000e+00
8.296000000000000227e+02 7.121041324114908136e-07
8.303999999999999773e+02 0.000000000000000000e+00
8.312000000000000455e+02 0.000000000000000000e+00
8.320000000000000000e+02 1.424208264822981627e-06
8.327999999999999545e+02 7.121041324114908136e-07
8.336000000000000227e+02 1.068156198617236220e-06
8.343999999999999773e+02 7.121041324114908136e-07
8.352000000000000455e+02 1.068156198617236220e-06
8.360000000000000000e+02 3.560520662057454068e-07
8.367999999999999545e+02 1.424208264822981627e-06
8.376000000000000227e+02 7.121041324114908136e-07
8.383999999999999773e+02 7.121041324114908136e-07
8.392000000000000455e+02 3.560520662057454068e-07
8.400000000000000000e+02 7.121041324114908136e-07
8.407999999999999545e+02 3.560520662057454068e-07
8.416000000000000227e+02 1.424208264822981627e-06
8.423999999999999773e+02 3.560520662057454068e-07
8.432000000000000455e+02 7.121041324114908136e-07
8.440000000000000000e+02 3.560520662057454068e-07
8.447999999999999545e+02 3.560520662057454068e-07
8.456000000000000227e+02 3.560520662057454068e-07
8.463999999999999773e+02 0.000000000000000000e+00
8.472000000000000455e+02 1.424208264822981627e-06
8.480000000000000000e+02 3.560520662057454068e-07
8.487999999999999545e+02 1.068156198617236220e-06
8.496000000000000227e+02 3.560520662057454068e-07
8.503999999999999773e+02 7.121041324114908136e-07
8.512000000000000455e+02 3.560520662057454068e-07
8.520000000000000000e+02 3.560520662057454068e-07
8.527999999999999545e+02 3.560520662057454068e-07
8.536000000000000227e+02 3.560520662057454068e-07
8.543999999999999773e+02 7.121041324114908136e-07
8.552000000000000455e+02 0.000000000000000000e+00
8.560000000000000000e+02 1.068156198617236220e-06
8.567999999999999545e+02 1.068156198617236220e-06
8.576000000000000227e+02 3.560520662057454068e-07
8.583999999999999773e+02 7.121041324114908136e-07
8.592000000000000455e+02 3.560520662057454068e-07
8.600000000000000000e+02 0.000000000000000000e+00
8.607999999999999545e+02 7.121041324114908136e-07
8.616000000000000227e+02 0.000000000000000000e+00
8.623999999999999773e+02 7.121041324114908136e-07
8.632000000000000455e+02 3.560520662057454068e-07
8.640000000000000000e+02 7.121041324114908136e-07
8.647999999999999545e+02 1.424208264822981627e-06
8.656000000000000227e+02 0.000000000000000000e+00
8.663999999999999773e+02 0.000000000000000000e+00
8.672000000000000455e+02 7.121041324114908136e-07
8.680000000000000000e+02 3.560520662057454068e-07
8.687999999999999545e+02 7.121041324114908136e-07
8.696000000000000227e+02 7.121041324114908136e-07
8.703999999999999773e+02 3.560520662057454068e-07
8.712000000000000455e+02 1.068156198617236220e-06
8.720000000000000000e+02 3.560520662057454068e-07
8.727999999999999545e+02 1.424208264822981627e-06
8.736000000000000227e+02 0.000000000000000000e+00
8.743999999999999773e+02 0.000000000000000000e+00
8.752000000000000455e+02 1.424208264822981627e-06
8.760000000000000000e+02 1.068156198617236220e-06
8.767999999999999545e+02 7.121041324114908136e-07
8.776000000000000227e+02 3.560520662057454068e-07
8.783999999999999773e+02 0.000000000000000000e+00
8.792000000000000455e+02 3.560520662057454068e-07
8.800000000000000000e+02 2.136312397234472441e-06
8.807999999999999545e+02 2.492364463440217847e-06
8.816000000000000227e+02 3.560520662057454068e-07
8.823999999999999773e+02 3.560520662057454068e-07
8.832000000000000455e+02 7.121041324114908136e-07
8.840000000000000000e+02 1.424208264822981627e-06
8.847999999999999545e+02 3.560520662057454068e-07
8.856000000000000227e+02 1.068156198617236220e-06
8.863999999999999773e+02 3.560520662057454068e-07
8.872000000000000455e+02 7.121041324114908136e-07
8.880000000000000000e+02 1.068156198617236220e-06
8.887999999999999545e+02 7.121041324114908136e-07
8.896000000000000227e+02 1.068156198617236220e-06
8.903999999999999773e+02 3.560520662057454068e-07
8.912000000000000455e+02 1.068156198617236220e-06
8.920000000000000000e+02 0.000000000000000000e+00
8.927999999999999545e+02 3.560520662057454068e-07
8.936000000000000227e+02 0.000000000000000000e+00
8.943999999999999773e+02 7.121041324114908136e-07
8.952000000000000455e+02 3.560520662057454068e-07
8.960000000000000000e+02 7.121041324114908136e-07
8.967999999999999545e+02 3.560520662057454068e-07
8.976000000000000227e+02 0.000000000000000000e+00
8.983999999999999773e+02 3.560520662057454068e-07
8.992000000000000455e+02 1.780260331028727034e-06
9.000000000000000000e+02 1.068156198617236220e-06
9.007999999999999545e+02 7.121041324114908136e-07
9.016000000000000227e+02 3.560520662057454068e-07
9.023999999999999773e+02 3.560520662057454068e-07
9.032000000000000455e+02 7.121041324114908136e-07
9.040000000000000000e+02 7.121041324114908136e-07
9.047999999999999545e+02 3.560520662057454068e-07
9.056000000000000227e+02 0.000000000000000000e+00
9.063999999999999773e+02 0.000000000000000000e+00
9.072000000000000455e+02 3.560520662057454068e-07
9.080000000000000000e+02 7.121041324114908136e-07
9.087999999999999545e+02 1.068156198617236220e-06
9.096000000000000227e+02 7.121041324114908136e-07
9.103999999999999773e+02 3.560520662057454068e-07
9.112000000000000455e+02 1.068156198617236220e-06
9.120000000000000000e+02 7.121041324114908136e-07
9.127999999999999545e+02 0.000000000000000000e+00
9.136000000000000227e+02 3.560520662057454068e-07
9.143999999999999773e+02 1.068156198617236220e-06
9.152000000000000455e+02 1.424208264822981627e-06
9.160000000000000000e+02 3.560520662057454068e-07
9.167999999999999545e+02 0.000000000000000000e+00
9.176000000000000227e+02 0.000000000000000000e+00
9.183999999999999773e+02 3.560520662057454068e-07
9.192000000000000455e+02 3.560520662057454068e-07
9.200000000000000000e+02 0.000000000000000000e+00
9.207999999999999545e+02 3.560520662057454068e-07
9.216000000000000227e+02 7.121041324114908136e-07
9.223999999999999773e+02 7.121041324114908136e-07
9.232000000000000455e+02 3.560520662057454068e-07
9.240000000000000000e+02 3.560520662057454068e-07
9.247999999999999545e+02 3.560520662057454068e-07
9.256000000000000227e+02 1.068156198617236220e-06
9.263999999999999773e+02 1.068156198617236220e-06
9.272000000000000455e+02 7.121041324114908136e-07
9.280000000000000000e+02 7.121041324114908136e-07
9.287999999999999545e+02 0.000000000000000000e+00
9.296000000000000227e+02 1.068156198617236220e-06
9.303999999999999773e+02 3.560520662057454068e-07
9.312000000000000455e+02 7.121041324114908136e-07
9.320000000000000000e+02 3.560520662057454068e-07
9.327999999999999545e+02 0.000000000000000000e+00
9.336000000000000227e+02 3.560520662057454068e-07
9.343999999999999773e+02 0.000000000000000000e+00
9.352000000000000455e+02 1.068156198617236220e-06
9.360000000000000000e+02 1.068156198617236220e-06
9.367999999999999545e+02 0.000000000000000000e+00
9.376000000000000227e+02 7.121041324114908136e-07
9.383999999999999773e+02 0.000000000000000000e+00
9.392000000000000455e+02 7.121041324114908136e-07
9.400000000000000000e+02 7.121041324114908136e-07
9.407999999999999545e+02 0.000000000000000000e+00
9.416000000000000227e+02 7.121041324114908136e-07
9.423999999999999773e+02 7.121041324114908136e-07
9.432000000000000455e+02 7.121041324114908136e-07
9.440000000000000000e+02 7.121041324114908136e-07
9.447999999999999545e+02 3.560520662057454068e-07
9.456000000000000227e+02 7.121041324114908136e-07
9.463999999999999773e+02 0.000000000000000000e+00
9.472000000000000455e+02 3.560520662057454068e-07
9.480000000000000000e+02 1.068156198617236220e-06
9.487999999999999545e+02 3.560520662057454068e-07
9.496000000000000227e+02 3.560520662057454068e-07
9.503999999999999773e+02 3.560520662057454068e-07
9.512000000000000455e+02 1.424208264822981627e-06
9.520000000000000000e+02 3.560520662057454068e-07
9.527999999999999545e+02 0.000000000000000000e+00
9.536000000000000227e+02 3.560520662057454068e-07
9.543999999999999773e+02 0.000000000000000000e+00
9.552000000000000455e+02 3.560520662057454068e-07
9.560000000000000000e+02 7.121041324114908136e-07
9.567999999999999545e+02 3.560520662057454068e-07
9.576000000000000227e+02 7.121041324114908136e-07
9.583999999999999773e+02 0.000000000000000000e+00
9.592000000000000455e+02 3.560520662057454068e-07
9.600000000000000000e+02 3.560520662057454068e-07
9.607999999999999545e+02 0.000000000000000000e+00
9.616000000000000227e+02 0.000000000000000000e+00
9.623999999999999773e+02 7.121041324114908136e-07
9.632000000000000455e+02 7.121041324114908136e-07
9.640000000000000000e+02 7.121041324114908136e-07
9.647999999999999545e+02 7.121041324114908136e-07
9.656000000000000227e+02 3.560520662057454068e-07
9.663999999999999773e+02 7.121041324114908136e-07
9.672000000000000455e+02 3.560520662057454068e-07
9.680000000000000000e+02 3.560520662057454068e-07
9.687999999999999545e+02 7.121041324114908136e-07
9.696000000000000227e+02 7.121041324114908136e-07
9.703999999999999773e+02 3.560520662057454068e-07
9.712000000000000455e+02 7.121041324114908136e-07
9.720000000000000000e+02 1.068156198617236220e-06
9.727999999999999545e+02 3.560520662057454068e-07
9.736000000000000227e+02 7.121041324114908136e-07
9.743999999999999773e+02 3.560520662057454068e-07
9.752000000000000455e+02 1.424208264822981627e-06
9.760000000000000000e+02 3.560520662057454068e-07
9.767999999999999545e+02 3.560520662057454068e-07
9.776000000000000227e+02 0.000000000000000000e+00
9.783999999999999773e+02 0.000000000000000000e+00
9.792000000000000455e+02 3.560520662057454068e-07
9.800000000000000000e+02 3.560520662057454068e-07
9.807999999999999545e+02 7.121041324114908136e-07
9.816000000000000227e+02 3.560520662057454068e-07
9.823999999999999773e+02 3.560520662057454068e-07
9.832000000000000455e+02 7.121041324114908136e-07
9.840000000000000000e+02 7.121041324114908136e-07
9.847999999999999545e+02 3.560520662057454068e-07
9.856000000000000227e+02 7.121041324114908136e-07
9.863999999999999773e+02 3.560520662057454068e-07
9.872000000000000455e+02 3.560520662057454068e-07
9.880000000000000000e+02 3.560520662057454068e-07
9.887999999999999545e+02 7.121041324114908136e-07
9.896000000000000227e+02 3.560520662057454068e-07
9.903999999999999773e+02 1.068156198617236220e-06
9.912000000000000455e+02 0.000000000000000000e+00
9.920000000000000000e+02 3.560520662057454068e-07
9.927999999999999545e+02 0.000000000000000000e+00
9.936000000000000227e+02 0.000000000000000000e+00
9.943999999999999773e+02 0.000000000000000000e+00
9.952000000000000455e+02 0.000000000000000000e+00
9.960000000000000000e+02 7.121041324114908136e-07
9.967999999999999545e+02 0.000000000000000000e+00
9.976000000000000227e+02 1.068156198617236220e-06
9.983999999999999773e+02 0.000000000000000000e+00
9.992000000000000455e+02 7.121041324114908136e-07
1.000000000000000000e+03 1.990331050090116756e-04
